#
# This matrix was created by Simon 08/02/2924
#
# Uses ambiguous nucleotide codes, probabilities rounded to
#  nearest integer
#
# Lowest score = -1, Highest score = 1
#
    A   T   G   C   S   W   R   Y   K   M   B   V   H   D   N   U
A   1  -1  -1  -1  -1  -1  -1  -1  -1  -1  -1  -1  -1  -1  -1  -1
T  -1   1  -1  -1  -1  -1  -1  -1  -1  -1  -1  -1  -1  -1  -1  -1
G  -1  -1   1  -1  -1  -1  -1  -1  -1  -1  -1  -1  -1  -1  -1  -1
C  -1  -1  -1   1  -1  -1  -1  -1  -1  -1  -1  -1  -1  -1  -1  -1
S  -1  -1  -1  -1  -1  -1  -1  -1  -1  -1  -1  -1  -1  -1  -1  -1
W  -1  -1  -1  -1  -1  -1  -1  -1  -1  -1  -1  -1  -1  -1  -1  -1
R  -1  -1  -1  -1  -1  -1  -1  -1  -1  -1  -1  -1  -1  -1  -1  -1
Y  -1  -1  -1  -1  -1  -1  -1  -1  -1  -1  -1  -1  -1  -1  -1  -1
K  -1  -1  -1  -1  -1  -1  -1  -1  -1  -1  -1  -1  -1  -1  -1  -1
M  -1  -1  -1  -1  -1  -1  -1  -1  -1  -1  -1  -1  -1  -1  -1  -1
B  -1  -1  -1  -1  -1  -1  -1  -1  -1  -1  -1  -1  -1  -1  -1  -1
V  -1  -1  -1  -1  -1  -1  -1  -1  -1  -1  -1  -1  -1  -1  -1  -1
H  -1  -1  -1  -1  -1  -1  -1  -1  -1  -1  -1  -1  -1  -1  -1  -1
D  -1  -1  -1  -1  -1  -1  -1  -1  -1  -1  -1  -1  -1  -1  -1  -1
N  -1  -1  -1  -1  -1  -1  -1  -1  -1  -1  -1  -1  -1  -1  -1  -1
U  -1  -1  -1  -1  -1  -1  -1  -1  -1  -1  -1  -1  -1  -1  -1  -1
